60039
180987
90471
156849
327280
186807
68061
232432
58862
392734
105439
196599
348621
396735
373768
270954
377163
53774
101865
326792
131772
13685
145358
123549
177478
358582
233665
225089
89486
323099
318104
245464
79110
57594
244749
236366
370118
382070
212293
195208
257990
311306
259368
218733
197415
188371
277329
277850
313495
28359
90260
186176
273636
368469
377280
384953
81363
160134
248239
245927
273483
136703
232955
343028
107832
59289
307818
135618
130046
199963
186523
144079
386447
62811
70454
53200
130131
195250
101081
175941
84878
180479
150875
69201
40625
267528
24409
282463
321860
245752
402750
200132
228181
53234
151920
269422
49543
174812
153635
348702
131467
376287
366930
397457
317949
220367
352538
80810
298987
190818
137489
365988
159620
67155
174217
276342
162288
117001
124281
50960
197242
170853
210430
262997
9577
218504
13457
252505
377726
344119
259147
240367
166749
222330
24912
182252
212311
163894
126591
103339
173848
217958
359791
329517
282474
200923
383539
108745
34187
25377
244015
39351
76349
42018
166914
219439
162122
39101
341047
158350
279478
306238
14695
276202
256739
147985
129566
400826
266703
332293
358908
204427
359818
218823
157781
192395
361224
181652
327777
53304
234597
319086
198160
116098
273215
289958
164588
366710
17350
296201
252530
128414
96941
381083
24823
127688
380688
165400
344885
139338
350585
383651
154330
362396
84506
313358
122716
184380
181455
171225
228980
269275
120259
80734
55425
168996
127249
45344
109170
240163
9757
43295
66469
231524
288094
221402
184279
8719
193043
303824
307010
252730
295631
307677
380965
96079
380002
386796
40153
268518
392677
96675
305474
214360
319112
295943
205257
334055
192003
89019
291741
303738
234994
305255
218460
381124
307088
338491
17501
306967
74961
258071
246220
148894
211986
318700
364780
93095
129604
149748
203331
174055
198675
96423
51798
65009
112670
11427
185043
41358
338425
294138
52787
99939
290670
383967
99501
205064
45452
30760
220838
272370
34660
240568
330558
321565
353498
250212
243765
286559
106859
293915
331505
185959
178246
340866
396308
101085
362932
30394
378174
153481
220129
239069
375024
17574
79124
220301
361600
162976
289897
154279
174354
5196
9215
132256
148602
74446
229203
399575
134981
116221
244189
121340
169779
205245
142853
93165
176051
144897
234351
360735
180746
374337
298941
356754
260781
54004
158388
194761
110873
107089
145849
245654
32984
155199
9705
62268
228717
89118
67277
402205
298418
256869
183282
284916
159889
285207
78488
73261
190371
94426
229787
117400
115351
102855
145030
224306
259887
329879
357565
328866
28397
185598
292531
328072
96819
38671
36950
247859
46792
332517
265492
65453
110902
330783
73454
328869
148245
403362
340124
216204
147761
242551
225713
338194
20325
280656
18446
22125
208416
30081
199615
63040
120812
401151
390485
363981
386814
398009
177976
245900
148803
186838
389365
104772
217696
282303
243130
135539
108685
193361
124962
273820
189830
150448
148749
219594
206154
396794
231160
195009
84196
210788
270280
182178
296296
387831
258261
56146
274129
135521
300927
237496
914
74407
242285
50468
350803
221438
60958
361315
36588
13809
298138
112319
136164
178521
168948
280793
265635
372638
310081
402196
162543
53914
213399
238695
253263
284249
205547
1881
141585
120390
103257
116945
141749
326803
111193
100788
279506
111239
42029
72427
43806
52304
161744
353199
178908
101936
75502
78189
242572
44550
71851
14714
323194
219736
186494
34381
79458
157078
381280
270974
312877
172302
317595
22074
223025
144103
385687
193914
135981
102339
298386
285347
260646
332866
251865
331209
23996
215697
1097
344573
230912
142665
324007
336463
27033
59491
311389
296160
328504
188055
200317
278438
56231
240049
368209
214341
183168
259628
150253
119360
4820
242249
90330
264276
45075
137596
314324
327900
194938
114075
299415
45000
51944
224544
162692
176009
259977
86207
321948
354982
182650
341660
188501
24811
69426
352493
295436
46421
252750
281539
395651
208623
7071
131727
308461
86970
375540
389579
233742
194108
10449
191578
76704
23212
65657
386873
215557
20493
213880
14557
136976
55041
391812
147484
28905
256491
194635
174248
395946
20870
191398
272904
369566
157129
333818
65282
1117
370269
24740
50255
359622
360623
312125
360639
158336
34968
15188
178007
272000
395490
324527
351672
362308
179015
232068
120131
194678
219379
301947
392831
239174
86417
108788
305800
218790
134987
5995
24410
89790
7202
246675
396648
311873
247561
371003
180639
7603
86397
182218
125562
374994
335974
93038
135988
288400
214698
130520
363344
55107
253348
102762
30371
171522
364918
78042
369776
222177
280962
74661
81924
196976
284756
60446
194207
93289
323440
287890
171805
28387
50033
76928
265883
133858
71073
381997
360459
388810
387071
143412
292716
111574
350596
194095
174411
100410
181028
388334
54799
54211
392636
22852
29738
83827
358771
273317
58189
140366
272071
274686
239775
226071
242645
98273
225183
59438
281946
185051
241403
105830
191360
97022
229167
8076
199278
312114
350353
372983
191923
307056
100908
323006
326051
250512
14019
176432
16172
292885
297174
329965
158145
348411
25203
148901
44409
131825
200256
266977
61340
280554
34316
56506
276633
229591
195782
249285
357947
74568
167160
132830
267867
47539
134363
360154
369206
402839
49527
251070
7068
308168
349084
130746
1217
204894
376834
312337
44434
24330
272378
287268
284812
185062
59928
343023
334121
268751
387127
338267
143884
12815
284955
129955
177563
235583
185919
81698
138045
215091
239729
223193
173482
74190
357093
14380
259516
248565
220107
214129
188870
293663
171514
57216
147275
49683
168198
223324
132773
374705
146897
71241
126451
108348
54662
46503
346497
127015
63278
58982
319393
62036
289666
322866
5279
128318
317261
179763
98127
165869
76610
42965
141841
179500
287704
173936
337091
380829
237060
178245
365075
33601
102437
239254
256905
367663
325841
110618
188025
313639
193687
285832
254690
229078
213546
176539
6220
73924
59916
245682
201384
352459
161395
373464
356264
269472
117008
173214
366033
245387
246800
73788
104487
380447
142716
107443
295009
57625
352315
341889
189614
202467
345063
29500
283209
368075
347341
348565
234165
17896
347559
314779
137891
105111
374996
82205
2764
249774
40175
204399
400896
310395
282972
40572
135295
271086
83886
60544
246650
367522
122070
399187
166500
157682
26548
242198
47255
23323
40457
201093
354683
134185
29445
171047
267830
202122
334062
274803
279333
283060
69721
39087
264167
330510
122434
385789
341396
43698
189946
225581
278717
134593
308450
50357
20051
294482
191705
281083
325564
41315
283242
205889
280420
156922
226863
226406
215300
334512
17380
255652
380564
388576
315916
12406
356452
62195
221219
114460
64485
180284
26839
203014
186689
135208
1757
63847
364971
202760
247564
392416
355977
40935
384538
188587
263295
174797
7775
2009
27554
226488
241006
153616
276112
142010
65401
336141
63468
5524
296004
229369
196031
240241
33732
20405
336474
357248
253750
183704
239338
66526
302329
351137
267838
148316
358749
55824
257218
312602
216498
172172
370236
57175
252922
40631
365920
343754
334845
322650
45523
314129
215567
169812
243812
319111
252349
101895
353460
185226
315627
219504
215211
92573
160580
128538
71186
194237
243918
291127
261562
106693
206685
63936
229743
383168
142954
31663
332121
161106
193153
20654
241998
80384
265728
117522
242513
267032
346399
156452
63323
135947
176913
33328
315619
127669
359607
162187
250091
84315
191956
173389
23470
382107
248323
389583
185187
240453
310217
82395
162685
306259
86745
380218
49088
353372
174241
282481
128866
212564
302212
329762
259973
280931
101913
383594
41789
80398
307250
87241
40697
135343
124588
290028
89317
201726
335280
188202
142675
197631
47929
208598
42165
17644
209803
63958
285505
394584
128946
129782
62956
134887
55051
189427
183815
167623
303951
257693
229280
41099
101086
87352
208346
387221
319474
121078
355788
238806
79995
94958
397561
256604
209547
192528
279113
61979
184655
383847
43974
249302
289357
71314
311190
21194
392845
52696
247730
382458
149200
199826
211709
251765
218382
91637
350114
95947
239739
125928
133639
195358
261581
136527
155443
124770
330238
207767
3684
389433
308791
13499
76368
308690
117584
85232
349283
382127
206110
374313
31436
396620
39905
202253
365586
316303
375064
105956
80048
158155
117190
346065
315780
67558
394698
241931
31481
163844
136796
317891
96083
384292
143591
291631
186552
299593
133555
285958
254189
261535
223469
348095
79993
244598
245860
300810
166777
4198
8586
127602
255809
310314
259567
38746
354601
377118
244043
247189
244122
347297
205544
366195
62555
203446
321226
160517
224411
199055
262507
17165
67017
130336
34974
110244
279491
153016
344901
113891
230797
8702
232471
208812
118691
17784
98706
158582
132699
276822
66704
251855
189460
306573
282754
280018
140901
346864
266577
237019
103636
26650
119970
181186
285821
123288
374235
81196
383505
28400
148881
113534
98264
321511
281532
270403
368965
150801
4232
331664
222471
387855
397954
53115
46608
151713
138954
59730
132196
151017
294332
379158
345711
380065
38756
363800
45672
15252
129133
290867
143956
365863
312036
90866
57887
168127
356698
217908
56390
203468
130042
31547
11878
373063
318500
146200
46841
286770
101670
391997
224195
218829
286727
173079
240392
174297
73231
212570
170687
13520
249763
23958
342942
268508
225246
231973
364172
250298
215974
53946
64276
51910
178851
267045
200243
173781
330283
103651
309792
236568
167999
148359
24179
149553
114366
381025
362362
108920
185470
265640
253382
153855
341901
277150
94576
39990
126109
78075
98601
171876
386438
129256
322840
220453
202665
160415
54790
76659
194440
54721
314400
313354
159548
208288
159244
385051
338944
56469
302611
305615
202044
345951
64421
8912
391983
151338
225255
286428
7346
97201
54544
291295
66757
285977
82618
403092
22653
175630
38153
225544
392429
63508
137487
146573
126687
61119
218888
25250
239781
56455
62047
235502
278226
85049
48487
211383
50126
123668
336403
77948
325274
130582
8415
73243
299799
111943
262797
307157
4618
308254
43353
3891
247431
189891
130493
26398
180049
264097
88465
331955
99403
129397
351653
281763
127007
165218
249731
18944
71162
372868
44962
108353
8690
268462
366869
318692
105684
117886
25753
108691
142268
65275
8924
181439
222990
41841
33803
82704
276309
393745
163963
374186
208590
188711
394001
326249
310202
303175
131468
362161
236377
118390
263690
117557
69724
393506
42234
231775
113462
20019
153347
47042
304758
76195
350181
60977
281406
361599
1778
23315
157310
184776
327478
290261
84533
351146
344301
45998
280403
395014
132648
66828
59960
158753
356139
185472
233194
180913
171301
395939
123976
356564
305164
216226
53494
382350
306731
338989
187958
10604
397294
236047
53622
351258
140761
211161
332689
258494
338215
61474
142938
118821
267031
312917
319419
361205
19409
138806
354149
34958
395333
164949
241874
181319
312608
297478
344014
81474
498
312751
17939
12316
275931
297757
269084
26195
221481
199164
174473
48554
237754
269469
371752
319500
324721
120916
19566
148930
341526
135073
256205
62837
123486
154847
155623
303345
191991
121039
85460
172484
389787
36094
327297
57834
66967
50271
294006
203350
264698
340152
293695
215287
66623
351967
105266
308203
259445
250460
127783
331676
146644
241609
88814
5030
168872
56525
203027
158040
224810
5476
169850
257608
245842
15877
375432
95131
304967
332542
252862
194167
319514
56425
61190
327573
300295
186609
214857
210010
397433
122287
249070
182864
173790
104028
390791
77472
36557
189676
5615
220770
91016
7780
137624
94492
159967
312511
322611
123097
390502
330620
126201
6575
50893
124576
42565
33444
133504
304351
90951
153344
254430
110597
227488
18400
60692
35632
308155
85673
66581
199577
167603
18984
346802
226942
154291
162727
57845
64174
198265
29163
49558
162806
295647
256937
236093
389724
356265
23256
188390
360702
64842
360344
330931
131027
36609
296609
157375
331811
343806
74249
75555
299760
43169
337654
219002
139090
31645
1127
45873
126001
119227
376753
359477
163860
213602
234803
30821
264730
32175
172467
62860
269707
199430
231903
389442
25575
88983
287998
151734
299314
51213
89989
2615
305430
117340
31310
169134
88962
131329
348102
119467
135844
57187
106679
338729
3466
100610
334539
159379
33369
171579
164875
228110
55647
200649
314032
207414
184432
56577
345970
150612
54036
292771
106432
63121
177673
48907
252993
66099
341310
368731
325486
113212
363412
39253
58610
161130
124149
170507
291768
329488
222496
129599
364724
318372
109824
391140
18599
134925
187861
205345
329159
391875
142012
225268
266683
127437
157777
369734
93788
227627
310604
231781
160612
105414
37407
95962
232641
306470
362914
179384
88200
342726
2495
206799
223894
124475
340458
8635
348331
348988
67828
325908
152940
65811
33579
228111
193510
184031
339566
268331
8668
165385
99273
370486
269687
333220
12682
54886
353382
375475
363053
103206
301448
319690
255158
256480
93690
397920
349648
28490
200001
151141
369727
239195
127613
388081
49679
223895
363103
54891
41177
105409
151993
443
2128
283841
392473
128723
384571
47858
281688
283640
294465
209479
24622
309321
146622
20536
101778
122141
134890
201788
255657
246125
272931
112513
2014
388943
181025
273288
387433
164303
259622
160457
43902
102680
144929
135699
166707
54561
82678
360447
389492
305317
314178
75388
369923
193898
6649
339702
402082
379590
173270
328944
195947
19327
261060
349669
279519
33692
570
346904
237500
358617
105030
211395
224940
97758
197377
127068
98729
101485
158777
98245
343899
187171
294594
32919
155259
349463
274410
368861
240829
172370
154064
382719
14648
111039
276995
16576
106469
401146
336908
76831
109352
69655
262459
302453
371361
143033
354617
318341
316651
124424
328049
272470
186858
388620
109814
320741
346962
194154
83322
153313
392442
316196
148104
71078
38442
379649
264476
173111
306281
125016
393959
336431
113205
102134
144142
33097
109649
9654
76821
177830
147326
398676
393564
228688
163234
1525
177784
177958
324889
41201
296739
368387
331568
300896
43531
229185
397193
309566
126409
167157
242181
23027
121371
284402
360297
381727
154060
333239
296451
307612
318424
332705
158939
399373
53063
109415
191465
215910
183251
269099
216739
290753
246514
314778
303418
226112
68017
226266
128969
130077
151297
242930
230
145553
319667
197432
289463
160021
238262
281642
262581
229403
125593
17774
320221
384403
54191
106626
210672
42734
171994
80746
188045
40139
164073
200337
21070
217609
115162
35310
243884
156551
270510
282763
64950
390492
202698
247896
139865
293398
211248
175558
127187
71433
88596
273957
254787
163956
134014
107920
179331
126173
84205
229337
362469
386337
27738
117499
57116
20154
357054
64600
86200
157830
271426
286550
242668
288536
290745
134824
38578
226173
364159
392810
261849
25511
88207
335252
390878
272172
215884
235062
100131
279554
23966
210920
128908
56805
262707
286339
137467
181828
248530
318811
90850
286992
119074
80811
356724
16476
126400
340909
163934
336685
222342
159313
100218
86499
34309
349939
264065
229295
271071
344188
303551
183427
109979
287765
208677
257660
205457
335704
399464
78472
329788
317984
355309
107340
114425
338810
254886
260051
46666
371565
54465
319581
310903
123267
371712
383245
401415
72819
82482
393944
95341
262673
381209
235801
309453
210969
308912
11220
163198
204546
357646
223672
63083
228702
295361
88434
31071
56049
313755
22258
365402
128141
47197
260800
125479
47714
370769
197775
213137
96831
396371
213061
192387
108368
113734
359981
302535
4716
258314
175788
157957
42874
356085
48129
186404
260408
170416
122335
212803
151905
154873
84805
327954
280812
280737
186321
18116
136798
171264
322110
343050
77795
155967
48641
226383
15414
153771
265477
42958
211468
15344
340939
346659
287209
197552
257140
56330
124251
69160
18790
117602
399385
226083
232542
361766
231580
166817
353068
117919
375209
205270
128973
268725
397333
230774
120505
116431
322293
135153
256829
206624
250034
194175
110038
108393
301848
317600
394705
75326
271475
264378
155029
240530
75437
346034
181584
68649
305135
149279
115138
276734
195439
298307
188404
185099
336543
17595
158210
229509
4357
163378
297017
394633
379950
225425
307671
237644
58717
382787
229901
226018
191421
199317
12350
247299
385393
191597
303935
287794
30087
129792
274640
179876
198568
262260
12124
114994
237226
24905
233085
43196
201752
6445
279851
278388
325193
382896
23931
9128
196510
223262
137401
311346
185975
464
16849
142494
128536
259683
337035
301040
335477
126159
137888
183636
234098
281514
189347
333836
74719
35505
90069
93553
276234
360443
129718
221053
70110
183012
357667
5326
207121
87778
134763
191061
97464
381898
68721
199822
38477
306734
382710
379080
120705
108715
218340
289102
146132
105228
64360
93287
373904
150327
45599
303204
115857
28106
60445
86428
372097
221607
132858
349076
139272
374781
287297
31955
70456
11448
104525
207640
265838
16353
161170
110984
338143
111978
197572
153945
184494
97563
56102
249319
381865
203613
59205
234857
318308
109501
321198
357930
318551
316851
252778
137897
44670
268099
151536
9895
294915
101991
127632
243439
87154
292452
21725
232924
218898
45149
214937
177581
273969
288389
93310
25265
394550
25107
161226
67439
252022
237227
217568
77882
130961
134967
183379
78583
401977
108135
241664
123684
30932
59619
392092
324614
320991
181040
63024
213331
187865
115856
261205
383864
172389
319463
150086
333397
258327
14995
293505
129574
361553
354062
72595
151738
116826
172072
43378
207979
201263
320654
31142
328328
342367
121499
164257
47640
176393
281810
151625
234034
401296
220528
31761
107060
157926
259690
121856
106284
390547
355258
392217
88407
196542
76021
248445
232346
211646
241109
197600
341055
57441
242159
99525
119888
158664
115092
360187
291960
328321
166341
185604
100882
138231
328164
44744
375789
87664
368352
90212
116437
101634
96167
355649
66649
3386
50229
94243
236575
137683
350976
34505
218188
61946
278004
143815
168161
388380
28899
218645
73531
70326
334487
201941
382539
184810
234817
276314
252217
340778
252897
265964
340512
198295
388973
101488
69057
223936
211428
96219
320953
268554
36185
171401
34742
282118
170163
174161
211345
299620
196581
202356
163196
181897
178479
114963
126374
96977
293558
246119
358935
276320
74735
119918
358776
398013
94659
224391
101354
336479
78297
239385
125272
58063
128159
395085
235501
71932
358913
181736
46061
285658
318023
292750
209543
168774
242014
250813
168076
374716
126967
79255
119995
373903
23215
388853
66366
77404
47664
81433
91585
253727
142802
63218
237215
285296
292073
3885
95240
261416
166088
61320
247881
119919
58342
202260
372683
121744
355810
264110
394570
327793
358995
350910
192617
240238
77259
171117
319313
61053
248029
49945
118916
210007
389367
73059
24697
389479
38383
306413
43604
4375
71539
207416
394669
213971
318466
310523
139530
373675
222253
37261
400319
169701
211218
266949
4905
363017
84586
25031
115005
178134
30268
114455
281695
32988
154851
132575
260688
306170
300218
329748
54016
216051
301951
234334
200412
185261
112464
357791
210971
286062
315656
360067
201357
171048
76580
32210
290726
392671
362844
91827
19243
383007
368080
88182
195736
226388
374589
223363
301365
360083
23808
109922
273577
85320
205226
242384
312536
84231
161155
271884
242623
351072
256980
396785
353770
216013
165264
57493
174504
323448
400525
255063
2157
63686
15562
201170
9386
132969
22482
155649
208859
98833
168952
371562
159372
272457
322979
250046
88227
368022
192494
384080
19218
228470
329032
261929
32157
151287
333094
361295
375818
331204
144408
202446
37470
177267
2891
254846
335194
211815
62121
200651
312556
133302
317828
139173
344144
190340
177646
155308
243175
26161
101490
109835
251280
8881
85144
72309
372407
395619
318256
401519
18819
7615
373738
359054
223013
153430
194342
31729
163691
231009
131404
55722
261657
56972
150841
306031
382964
159769
288335
87922
252139
136570
182845
94650
196056
350746
310722
171453
218496
259469
122662
232226
146512
334364
11273
305928
228378
54014
103345
65799
220590
28299
19475
51360
58134
173356
67518
178133
70139
99854
82760
337312
340380
2992
69653
196197
260136
267518
297986
85292
63892
263193
257324
374482
402024
230259
246894
387529
281819
218205
8340
135372
125381
137184
327919
260216
335234
96735
170331
338589
199247
360932
252224
13365
336070
13061
191002
175303
152060
54536
80968
249282
8942
25746
386299
185300
296605
129635
277887
267843
115013
202836
142831
181818
81901
347435
321374
306178
86951
208462
128801
104098
204615
72533
237588
160169
306127
320826
102501
11818
202884
204366
296900
267802
79363
90146
230012
381852
331433
347868
279786
180964
72278
362282
157069
303744
282886
256443
182978
193452
101311
104851
262269
196061
6032
44418
75546
403239
275735
93321
351930
401943
239439
365711
43058
140082
267260
84187
183528
90824
384500
334418
48655
72745
362892
375995
195066
242055
328256
210624
182071
314924
205774
342136
272485
272320
353636
388589
308046
232677
98315
347550
267086
128572
77200
374692
9625
64146
119013
242292
280945
231857
111466
304402
359561
308275
348718
150797
266307
179091
194470
105823
188156
59746
106212
217835
64920
71413
41881
132988
200806
222691
353769
355910
14929
162820
277279
392409
235326
268750
111436
92868
154418
370840
375001
303376
381954
244096
92581
354987
373205
137316
288908
347899
32248
266647
114021
302479
283375
79568
35494
397585
65934
248616
158261
313243
265013
268279
309264
183161
115839
268422
110300
231440
351177
308176
223411
352167
136816
168670
102859
2296
222500
47241
228505
77965
171361
280166
163977
232665
363683
29343
143602
142419
234500
282217
60618
269481
95004
109096
345603
396615
384695
279274
358101
155206
313756
219563
150466
173145
120368
231837
303481
31189
377628
22981
285411
135252
57304
108390
63363
236169
319188
199751
286384
326542
264558
300316
11090
283799
75423
246289
61893
306412
331345
44466
176131
2129
358115
221834
162480
400386
103348
204698
274738
3730
233972
273610
321058
225389
209660
154574
194902
181771
18677
263264
180849
241008
114371
106690
346005
49795
383613
276147
95402
259422
15235
355343
282549
178153
13557
295668
311298
307169
85269
101483
255370
27021
58890
234919
108938
119940
3187
376280
147718
318011
308192
150173
45263
396562
175194
34810
232578
158613
73921
131448
47593
91370
202078
227303
95711
156522
66198
83189
105923
376177
395417
350138
122784
273123
283005
283159
42191
308944
96451
356044
88274
350182
377328
131315
234495
113366
68849
206380
83292
297716
316830
196583
294960
237241
144054
392406
228763
306294
118445
264397
72467
168460
260377
184833
370894
77464
401149
117845
101145
14132
290517
43535
104282
158138
335884
198570
275446
73760
282158
216038
356814
232564
122897
392674
131469
179539
394623
138913
167862
199524
238861
141848
394674
84145
376913
355000
59351
66127
127630
385311
250475
317601
299211
278815
312957
371526
175087
154499
129757
401354
224172
372011
393112
101636
309486
122858
331973
378522
310136
170646
287673
316996
979
347412
1360
207156
96425
296694
211773
260065
274491
261765
221773
161268
130229
16622
30120
384696
6592
348037
219613
207901
109785
171368
240933
111857
64401
297267
285516
304025
325940
361034
79783
232931
281056
322596
355944
205949
396543
219
173436
179736
292916
316430
48654
313306
61610
111083
8657
19600
373121
378583
273803
51708
354550
257581
276262
32079
62405
392537
233761
254155
1370
363936
201891
383481
291074
295315
370997
322474
30337
119460
162442
142878
344174
86371
169046
401224
169962
346172
300058
205283
136396
125220
3642
221446
42635
24191
224856
86375
307923
272164
177348
400579
111973
106128
320585
160478
12551
273962
375705
60013
150254
361004
141564
10392
88175
165654
373140
272163
154934
189995
130469
261781
292410
272449
373107
154591
402913
125616
207465
89834
197962
192825
322372
99555
29439
390346
47081
259060
304426
197670
144815
321239
12581
119065
399407
295537
227049
367504
187624
346810
366120
230942
221309
125451
60600
207907
189176
340422
354960
276246
233305
383371
352671
151935
136322
38485
63558
203437
240083
166083
381886
314896
71141
205968
282012
6235
299831
6894
157509
29946
118123
391534
302651
397305
274409
205068
171546
284592
169995
190377
53898
374744
118060
206457
65629
398562
386866
33569
51268
367314
164792
326622
208985
193586
125401
23656
367171
151391
227468
292123
157543
310763
295860
18018
144090
226122
224339
369158
64636
291531
31201
132780
206884
291656
199973
113009
98879
19980
177955
115528
354675
32747
23945
227508
299403
308747
166195
339688
323228
237540
92456
5747
161305
159823
215484
16893
102722
10300
156426
137484
158685
113831
99111
294582
391337
221070
111065
65270
66889
99592
149984
130213
160895
316078
57320
72492
335708
148698
22049
14623
258487
274609
134121
209641
182615
98795
306844
355622
174780
288778
307450
351170
261054
155904
290819
262278
181097
349565
98057
104533
356730
382101
383671
156218
9244
117709
317379
377239
231576
243008
214054
355163
209208
222426
29899
19992
25596
68462
219539
218494
40551
148831
196777
245770
131239
267991
314307
226405
353191
148231
63842
199376
120004
387731
358017
235071
88104
100975
72378
220578
101329
302931
253702
79734
161266
374721
240641
28948
335665
381035
21798
368436
382668
228286
244876
379615
142022
70371
398010
274607
284349
336289
294802
103157
295990
168681
320908
388405
134324
48315
20372
135514
206305
371652
270014
350272
234003
15531
396771
134747
269412
90156
327504
269198
186822
97467
401666
340012
227379
96510
384457
223185
385422
272867
164751
143665
112393
238549
190612
179990
115191
31960
387038
198719
31119
265598
126922
85027
391907
56622
395174
10104
220720
117035
360630
68091
219407
34727
313791
243208
394096
128775
322279
16625
277970
188377
250207
96875
114156
175626
269070
134346
156407
337399
197260
10164
264907
59231
327998
22933
143150
359901
299140
92302
367555
186633
141872
293069
277045
379935
85425
309340
77295
264890
177984
290748
341026
184880
26206
80396
98520
239078
295440
224114
304511
121045
394500
111224
246974
250390
127306
5104
92878
232715
320716
68667
317103
398488
387441
164808
224192
139467
348609
238554
262912
102769
344433
228649
184246
228645
144786
392838
376313
231540
159555
380772
86570
26744
116489
378536
115127
229228
192374
185374
238524
314120
204118
334981
337161
116192
283527
391395
249080
116669
273440
34552
327532
125110
259820
390166
291202
367087
35619
269953
61398
122005
283465
303669
217381
26294
303985
93355
247355
11840
183927
163108
181282
297454
371386
109776
296949
310077
27712
188812
323996
396904
16180
388138
261986
37536
18812
135907
19697
20370
40584
289847
270064
250820
336788
364518
67101
256821
57921
224571
27663
380143
247550
159654
66051
351070
217946
194437
303170
22809
94989
129140
69182
60476
224606
30837
205577
117995
268535
360680
240487
30225
5268
280382
153181
47713
347531
239151
21199
201344
276346
36746
296619
209218
42747
125417
21247
369193
176781
117941
230856
50735
6583
313108
36237
136255
269447
5340
312395
184094
10618
196876
341413
39159
168425
267027
256059
76407
219696
72960
41174
276687
18463
149363
383015
367341
10428
72695
355152
70147
289190
149437
104003
76519
174520
139388
134105
317402
154966
108337
250953
305949
63535
47555
284143
281582
325938
349960
45055
5299
307622
267945
275706
302226
290910
325627
65688
104912
283128
237905
173669
188087
224602
398491
243291
59025
37657
104792
121354
90808
360764
192812
24316
223192
36538
305967
219491
338458
19625
123002
223833
162301
70111
235318
250662
295392
354157
228474
301206
280542
390916
392472
201442
221589
79911
231788
1056
224594
367736
214826
197835
227936
12660
144472
181688
154255
261248
26774
334213
97875
211649
75684
220417
85108
281321
359280
206597
128077
276814
17223
338864
51238
112392
242347
311307
13804
143224
397802
229524
382175
179810
326888
127307
35781
361802
103694
220651
151355
59046
174512
139810
139128
219523
107865
393097
117520
394772
321533
199540
125396
60809
370583
134198
288403
347346
353933
77969
221375
147975
137062
74401
23681
307876
81096
244078
180470
201709
112052
115379
126404
64880
186591
24331
113712
286160
342555
61628
331311
260825
86310
364835
127173
202593
353712
103226
16584
256771
394572
195609
99773
393211
205583
34702
365613
288546
140589
391106
83070
269258
283289
211402
107944
300307
59245
93890
275965
104960
331984
298199
311213
172804
308740
304116
184567
314798
377196
71209
363910
159353
265188
302159
375530
324591
162229
156102
394808
138698
304779
351723
119165
97295
33647
363870
289753
186949
301887
298022
361725
117241
144083
393189
119406
45687
332872
71724
355534
34880
257469
232939
338341
168466
188618
45418
136892
12795
391659
31564
111755
274900
373113
223166
284956
263920
85239
306377
107180
355383
115823
385351
96008
342912
311638
262389
172633
244006
41912
212170
347545
116956
200795
216283
245417
48349
313515
18836
214370
232912
182488
8776
20880
156976
292242
42276
248184
400810
81022
93934
86456
171832
186266
15611
187099
336062
254235
103500
259904
345565
337714
371050
299019
127048
277750
355884
23276
369739
383652
402039
254019
338886
379551
48712
55883
87700
184796
375486
269238
157184
363473
199744
298203
291463
336510
149904
122654
183988
313498
313936
228330
299468
199121
19382
264012
86408
22523
226126
268850
385569
235206
264454
37492
385217
168581
360455
325989
251921
118344
210350
215232
352102
99253
376230
318604
89410
35943
42433
246537
324462
135765
398786
92887
114506
303680
105368
13245
334678
17924
325864
88676
188887
72827
135731
69800
105255
253185
94206
305570
227999
117533
389059
181905
85876
194420
166289
298201
340332
198217
312530
197281
36573
227674
233995
9193
223327
383862
368663
260045
324186
287959
73957
199691
395254
149158
176280
173913
15349
396291
216523
296927
119209
322739
246703
372745
38723
137788
130442
975
309633
327029
338384
146091
81741
341109
335761
272355
361000
242217
8482
53829
359889
221168
62510
191453
153132
124161
374931
125976
295777
42368
244178
189020
88791
326179
124906
284762
338896
225403
216899
55304
107116
42931
16096
195606
182759
52603
224024
65085
170586
40268
76722
188050
326058
128164
344543
305036
314759
231905
48218
273076
149471
177643
66203
232173
268740
386301
166480
241786
341787
162962
62605
53755
306974
184277
372982
226121
157668
10161
206539
344839
351280
195887
120263
291878
75052
238958
82885
116308
86053
39844
219941
384031
329030
89846
261907
132537
166379
388088
354597
13471
303786
57757
345275
71109
301432
355877
112438
40879
67248
320436
267056
17569
292377
74700
110523
291794
324667
17519
135241
261408
316672
316063
96727
159117
381345
160362
116064
367772
74532
303079
3764
312533
121767
201656
94615
8508
217935
209300
246904
262808
2630
99686
185259
351303
270238
323497
365833
124997
162980
376231
212716
48591
329633
100353
290063
272299
59256
290803
178213
282105
364896
117306
354141
215734
144865
372335
38089
100038
337342
279591
329322
200281
335104
331503
9099
288994
269743
322972
39063
138582
112797
278689
26420
205758
175176
330788
35757
247790
353622
213895
122298
252001
108927
161879
299122
71474
253796
137063
144444
271913
164728
325483
24475
10085
367040
20537
113945
3925
236318
262570
129950
313671
41990
367485
268269
43242
77446
12844
181233
239024
308768
365534
359400
71254
160785
79658
228326
356109
279266
237590
369805
55682
400091
134884
246954
144954
253958
383595
272094
55891
45996
368342
299148
393552
273726
143789
39979
26153
322438
355618
128956
307774
151252
117685
240851
94107
91895
262178
197130
318058
189136
312993
89174
89234
37636
114965
372150
198715
22357
191462
52328
163715
35443
24242
336715
32094
183206
298733
275954
241090
293315
398031
114488
249787
223618
393083
21569
382953
368052
384630
162935
41265
91015
236058
48076
249053
174272
183126
48177
264743
375041
300010
127106
199129
156557
87412
209438
1146
265187
82835
128023
89314
285081
107689
244447
380541
40384
357629
214631
224268
332332
372038
260021
192381
315957
194447
258373
358196
50574
101739
218549
113211
355752
210650
283854
90369
252014
282901
29095
69532
97276
371210
142562
167394
264006
61512
6205
330417
383599
353211
345619
170442
308614
169582
331018
24051
160625
297288
147811
165839
327038
220999
122934
330683
141772
21465
197058
312829
156716
288091
238319
365450
61876
270431
111734
216455
396717
380341
275227
204377
296702
149694
239746
263404
50840
165716
201143
65587
117664
249685
359947
104251
110400
199474
309197
363519
321645
296198
376699
135178
33963
213457
47240
235527
114494
380620
328252
275106
156955
352091
391650
608
25756
384144
371103
159993
104639
261755
254792
361704
315991
150901
159862
320722
366158
38114
63994
169016
62907
378154
254529
92752
328436
365870
286593
176498
10407
355786
394984
43191
236830
89926
27586
332464
384735
377484
384592
100904
353104
269894
374420
21810
212430
352723
249047
209959
89985
254935
157460
198815
235055
314513
76157
20915
160821
364438
191694
360090
186525
56781
372308
341483
255402
206079
364630
260501
402004
39962
150995
156996
100692
183747
256703
147986
69793
118509
193482
393610
383008
118412
41698
330406
98271
168097
127189
232004
113485
206136
127149
254387
387943
252985
234316
45731
247541
109324
143642
330066
383788
274978
146912
233883
16760
217026
339194
172661
292337
337937
399149
183440
9870
289885
162099
77219
268661
6429
260465
167254
7651
342752
257414
338741
325353
106457
213294
393557
176688
22308
14999
288750
349310
138384
44956
325599
307249
263224
252752
126231
284130
402012
47916
273197
368174
156270
387571
69695
213069
271802
216883
99257
217000
395122
334935
178916
91919
400284
393827
272877
74147
119580
283080
155562
172345
204858
169513
347416
243948
217776
259321
217769
222219
339864
158522
156105
342618
40048
351343
126238
168077
21651
203655
219029
3848
140426
145960
380302
281743
329418
220840
185553
390813
60326
2971
17262
224454
59639
379393
358421
205122
267118
349319
147891
200421
208115
105796
167759
14328
356729
403080
351752
293406
35469
257336
186172
300793
196008
242179
201875
343351
359903
313724
387873
125056
327285
390695
383892
35456
244661
300578
194634
199228
155519
215156
101365
155390
135888
324273
67715
334068
71505
102794
336466
81885
274387
301591
378828
372262
261758
213261
71115
172444
57515
69025
391468
47771
67059
67764
85953
81876
188617
312322
237703
315556
201776
149082
187373
177863
300792
375469
137884
315401
36071
177614
386149
111128
146579
225066
138038
161114
188286
88002
370506
340154
217832
255399
304688
350524
23878
286917
294713
281656
387675
105951
42115
274468
205604
119969
58925
39766
165573
45902
116703
398528
40388
367805
270494
227675
168080
258440
259659
206509
294403
52513
355505
245514
190703
269748
28803
258925
220757
101415
56914
110415
121176
396208
153445
215264
385283
266765
133321
60045
65732
209560
330791
101075
132155
374837
362183
14723
43410
120798
230618
66171
49712
137434
56374
101237
249902
24700
242193
37204
94083
70671
223376
333128
128798
91641
158353
246899
153774
295762
245513
357398
366287
166008
7312
161224
361578
85487
317763
308568
148758
59358
129801
26801
396439
276651
311909
371253
348338
358241
54902
280454
320072
193281
400235
276496
68282
37208
281350
326757
189490
339509
100702
225742
68094
401422
363680
105530
323956
134603
322745
74027
173515
94876
135960
27522
188228
376400
316804
228843
214815
106608
292987
343315
30908
360238
9434
344895
98125
307233
74244
365874
206046
265756
181109
92522
93706
50046
1992
345497
160331
222347
387545
17748
229466
255216
231044
387464
94494
69109
315607
262129
186550
346931
220435
198840
266780
272091
43740
61165
352349
315618
163064
80692
37188
348861
378486
227267
166890
298808
145638
375931
42693
345141
297707
302174
377617
52790
327559
139320
375371
86095
124742
234714
267614
142251
54435
28942
30629
322769
89840
151088
340045
79049
105430
131037
210149
223357
198552
231799
225223
189210
358062
336123
388365
282776
389812
387678
50155
284804
99422
172214
369243
376075
349352
332668
394201
113610
286286
63779
325543
334082
321563
217577
261432
124308
19975
352291
1402
145978
331335
348178
402390
386771
6765
328853
314157
176534
403164
44391
342499
36433
65056
392643
298959
111170
241544
349507
186334
255108
184733
355907
191551
27249
112420
197399
328293
41179
238591
271061
257235
297087
37358
267007
10888
292101
197710
191797
42887
104570
176616
331086
265520
40641
298613
52384
253621
90919
78411
225772
54309
356928
279712
113244
383043
185176
170582
56303
302561
294551
141231
11013
19748
281200
281952
321290
391838
40965
359190
190644
15640
42955
40918
211226
147411
200830
143059
166838
389137
345280
124013
53933
199296
182842
339836
330702
133875
246453
283462
284633
173457
139337
307246
159153
239220
80408
366137
293872
53841
77897
219597
258269
350376
342010
226974
111939
14703
83307
302049
378935
133615
22772
368325
256731
108296
3246
400080
307090
278868
251365
247092
172414
322132
75283
380293
11626
250966
253175
331367
258182
388299
29466
166734
1894
102613
152466
210596
288281
247484
281831
67604
142624
182412
54310
286872
250043
319998
400970
196327
388791
374425
144835
95557
246673
141762
58247
32532
284767
308672
360732
204003
135691
112112
379941
134215
143349
387167
39423
391046
119564
81611
306841
110055
399012
360852
264704
132026
81513
175573
221020
193998
6505
85152
29904
195775
89609
309668
313085
141235
233928
61496
323600
32099
233895
293096
98167
163464
109941
285066
57978
311512
107923
134518
77170
92855
376754
74381
116174
271881
81665
177704
253221
40451
352893
49995
305543
214133
133271
122685
48593
92296
276310
2712
84715
114861
335369
244757
36818
363120
19622
129494
371709
229361
210204
148503
78523
230053
174004
438
372058
23382
371312
386708
179434
267441
157647
66983
25668
163038
362710
49783
300672
164946
286205
104188
82208
368792
260308
342853
276041
210902
71928
75732
141657
90583
314621
291282
65022
209894
80642
372889
180508
125045
10410
399322
177000
279833
69620
25839
329191
123801
127337
156365
25186
45076
118885
366518
290055
237601
364898
171153
79014
52156
136842
284850
119778
348074
235842
75514
359434
220018
221986
271775
104979
168847
261917
233507
160130
235543
86535
219569
112871
258673
326449
181272
314167
397230
383251
151325
23906
126049
172413
144990
121797
169926
126097
234424
105035
52638
69357
330362
51069
232112
368117
347638
48576
296930
304311
7653
367228
76604
122473
75778
135918
227766
236628
45044
2723
343602
197136
261219
332450
115512
91102
238354
41840
97381
47113
256668
309917
357643
359305
267397
232370
128544
197268
257005
228407
17067
64238
270430
398981
24716
197598
253555
361820
161680
354243
110236
45306
127698
28221
332821
171543
315603
24253
53600
57386
284364
77023
136031
236679
269379
345281
116354
13424
97635
343661
284246
203624
202701
69795
229804
222730
349745
357327
225545
280644
110820
133835
391770
334690
286139
396695
256646
105806
122205
353685
280489
224294
150008
191097
221454
187946
88894
309465
147190
273025
182751
286369
149302
190571
339750
256147
299161
240626
13988
142703
191134
14274
307421
3519
272893
380911
148922
330662
142059
59075
166847
82192
44406
59153
154876
286970
364767
286873
177542
167061
270738
74882
210986
322513
124363
336618
7170
227909
93195
262871
358653
264339
154986
257654
193265
357853
361414
332476
247922
56055
334692
6078
354656
236033
384140
254367
211273
232185
231794
197164
378658
205500
126302
207958
82136
397704
260913
297211
365032
327655
65175
105944
271960
316922
94821
170370
358291
29368
388867
65861
218569
152967
19024
87590
284533
365281
137992
198394
253283
2689
33590
133419
213706
305675
279398
192145
229866
149880
107064
233771
297052
29682
180706
41115
36161
1239
254229
361479
297445
360196
247796
239630
217933
105105
166830
63206
96046
28372
347022
83872
368036
378483
380700
256560
287820
234512
379543
340905
71679
109679
122415
247058
191354
241515
362690
331689
178877
299335
99785
17019
200436
260423
373959
173872
197233
161919
40725
60804
169970
18298
6245
168063
304478
294115
269219
247266
47341
315142
134954
10782
163994
187276
228090
86270
262164
237996
155648
138226
140861
135280
338239
373996
247880
380163
139767
194685
153504
294406
276398
21623
170557
155420
126429
348578
102382
371187
91485
330847
386562
6908
330887
271319
248502
89168
77051
128111
311400
203640
171011
156250
63407
355450
162542
123954
13474
128857
132528
194485
234423
230013
343241
31824
100282
161307
271242
124396
168459
209447
91300
145299
146063
158200
300536
38735
285971
309220
159106
14857
308005
135383
186649
363536
287032
373599
69953
329963
355348
364291
176488
376906
346194
51816
43277
219460
11110
1805
251808
37966
159502
219695
341265
134219
76388
298738
241440
55191
16272
121150
43497
304718
314444
185616
387139
168646
129925
388427
330248
148925
237327
392973
7051
172450
269319
50063
100047
177629
395201
361500
274594
162248
66853
284536
219671
324927
200364
14451
265173
143388
243552
260111
213980
69624
286871
362638
394284
308525
94671
294975
194792
317786
180255
77001
123128
121268
130099
323789
269870
87560
106111
274183
173588
155101
297099
393515
223536
345087
90267
87797
158736
283019
97129
224504
314110
147111
399816
246754
173137
297013
346402
398120
227052
189114
180113
114758
32296
131577
279339
44839
389816
97877
4953
110898
349508
268428
285936
339577
32232
325755
68474
335962
57035
80304
171057
284506
14290
52001
341193
313829
287686
146491
336383
323618
121063
223590
242007
45281
299806
267148
327917
115657
337385
371337
209380
152615
172384
309551
133647
259591
270162
280733
308219
23937
279253
308347
308334
284917
41690
195800
177737
313868
12119
385460
163999
45325
287639
59341
268577
47682
272434
171212
20847
266586
108464
158013
26110
115186
51722
189948
280723
330559
302424
206867
213356
112836
335966
243724
302552
271489
24533
112471
291994
24850
181349
154786
56352
101429
269480
85795
256853
305010
225442
255433
166822
94117
386505
392818
213685
174575
308590
312999
365085
371757
215464
212237
128832
156999
135773
328790
14696
161662
45865
14443
231341
130259
376973
15681
306676
90322
364129
28877
105137
400483
74717
223171
135407
208657
111602
376225
68322
106197
346774
107308
399186
275485
274258
303847
88802
140038
25356
389121
16695
68889
341686
2224
98070
3214
357312
124400
282658
230642
368400
6136
92201
194337
388469
65726
184059
130714
286071
352058
128031
36521
403108
294967
35006
369230
100015
141594
115960
39358
71469
349255
71807
264229
76554
273544
339077
93403
279329
191544
378794
120693
41837
319229
32295
149641
387684
21024
5396
360526
150234
158851
66981
248064
205947
74270
395293
188065
119265
372571
175054
393922
169620
74948
55853
139835
397966
94470
62946
196345
49201
183255
109732
46576
340468
155791
169542
40542
365192
143790
322361
49625
44680
315488
252757
131894
361981
139626
337683
217050
120988
168824
245154
20878
95012
248566
74485
249687
152003
316015
87435
349216
377823
120141
287121
5191
226574
343966
124550
253476
25761
206464
213911
163192
72348
242742
387286
321127
348036
95762
209062
41387
354761
208509
182181
270299
59122
264465
327988
340035
70769
45673
224636
251337
171155
141159
99544
398752
124726
15963
136109
209318
57153
288051
16804
146074
32841
28842
276765
141500
339000
227478
231263
303927
361869
367690
169795
382761
384876
174789
270765
231789
40565
85665
247867
333757
12450
44517
233602
325952
314664
399431
352024
30411
373744
40204
93782
328636
51051
115058
56200
376214
114171
88163
364654
137691
271464
265106
78533
348503
164135
262397
226557
50146
164854
120547
72280
398432
166790
195587
165363
286855
276531
403208
205640
328850
346211
196039
137991
193414
125217
9601
312795
242020
92237
75408
119639
9653
310000
282085
357475
298671
158893
177839
10412
175181
141145
90066
40890
42283
120412
23894
133118
202411
235298
142821
113561
276654
311905
214420
19617
402226
308528
2110
131985
289333
237066
185888
278497
313244
207125
186788
70755
79105
3512
128145
249607
347039
170724
71013
177957
173987
335937
191893
318663
96543
175865
83321
32708
393376
260893
103467
80099
128932
104466
238265
376606
156344
280809
40693
361457
255290
11381
96229
265575
24799
154152
45911
62607
158959
128924
43064
391502
17385
113499
176491
273834
252824
190969
30739
237550
12849
343528
188081
257184
332177
208723
7019
336824
52835
402960
333715
281162
32912
291811
18512
119873
163003
207881
171972
95882
204041
274035
115055
359916
307240
128245
17081
283097
239929
363239
210266
281307
165712
221348
263523
378311
389747
172823
8282
227603
164895
70471
23553
196158
384020
189831
320755
175769
261946
40209
385802
355062
343175
156520
20579
244328
208121
216785
47850
133012
223380
175349
338286
79961
66795
361284
65407
241494
393293
194251
126377
93283
251352
22985
161403
336058
177866
53322
342174
211735
201469
338666
52723
231185
245045
354361
116797
64021
3789
67834
81875
42110
401063
278930
143124
213616
108334
357294
44633
134713
257199
393913
100920
58747
285348
361755
22206
9169
226795
158147
247321
301776
398757
140055
248995
55856
6350
208726
341054
272738
169177
56754
310316
169191
142163
174394
386172
75079
331679
15892
217896
230222
77126
32136
280253
390388
120314
829
396203
263720
382927
346092
372030
341312
401457
326031
344090
160220
64575
26328
221963
372416
240336
147709
296892
58165
338293
101455
290694
171828
191489
70509
251238
101532
342972
164130
163777
56486
219280
28454
350752
389847
39451
359490
383258
243999
382463
254011
79118
146871
52523
287145
197392
89464
32791
171331
232604
11837
321268
222080
3496
11769
382071
76505
137435
281935
239901
166425
385907
82017
205137
8588
336153
280457
300173
193988
237346
3517
56260
172310
276461
24582
281402
148597
336241
17347
75212
158508
44965
24004
71605
194401
17447
350595
297015
297259
135814
370828
362313
392410
140493
307477
143559
200641
183876
87571
327
117389
226645
388421
196954
19943
84257
78055
56287
385065
171759
73963
365508
161065
91783
117408
160878
193954
169585
287774
59918
11690
184325
228519
379263
17278
374128
347293
195646
161411
56064
263258
332431
349335
331884
61467
341608
211146
144415
295307
358476
247322
348696
297460
160417
52742
248867
134476
166510
51107
74958
383513
294338
261739
24365
31694
292405
217133
1740
109054
170007
65467
144284
391661
30949
20307
72310
173188
288183
338794
131299
319791
90702
84675
325528
157261
139435
208293
278593
69844
227668
182699
380504
278875
349691
380982
185542
114751
285517
293946
122859
251434
327756
366494
53046
132628
226061
30023
87006
252158
324334
185740
73573
95646
342373
271358
167104
377028
175351
44150
391050
356439
399412
265769
232699
28704
147865
12840
335724
378921
50459
322457
237268
220953
141393
127662
194368
309345
348420
289405
338256
357819
98687
36599
63545
200982
380818
330819
211851
132702
15932
37361
189639
96560
307864
338953
352012
94275
348721
140969
104703
337880
8468
212433
181567
172271
307681
138869
85097
111937
307596
166994
331594
215888
342363
268640
146584
234019
59876
249384
378146
330500
384999
285717
180745
253081
388507
268529
67158
147021
250383
273887
322678
125894
94403
30181
67453
288734
368064
369717
362759
395917
165671
169248
203381
231472
217763
23981
395492
384501
280949
86486
152888
71090
254966
344213
311379
317310
372264
189186
379702
203030
135244
268622
50227
196380
327465
327679
304535
202024
283868
282009
202111
226988
107532
128510
385315
70345
132876
268628
273951
194687
210273
54693
7792
292136
249869
358521
70077
141884
212618
132588
158235
188031
262288
330519
74821
356447
364143
283493
185599
304218
258432
156725
129851
293345
124091
79147
386615
23020
389291
130193
12620
383837
285232
109087
185771
361403
203136
377217
13790
174625
269344
56015
331658
166735
240843
285537
21711
264102
13904
204782
27448
107862
72211
160836
294232
69113
357180
227087
209408
193407
303670
93622
264571
166562
223739
189097
385890
59136
175320
200115
389917
382282
38730
297414
387149
2396
390098
158146
346597
265590
196386
129567
70478
344459
163559
124127
241889
335593
144063
351865
267353
98876
172760
223998
352013
299750
275234
301587
131599
238580
196086
341291
381314
252759
45242
301531
393387
383033
249174
240099
348691
60791
43243
191685
197258
200754
197098
208592
359183
376344
173452
203614
142697
156871
191750
99586
242892
175204
224680
303396
22184
117857
358009
118124
45299
215539
325431
58796
118230
158443
153165
5270
193025
321831
395387
283463
280757
110022
17448
305489
5205
57
348979
180175
208047
350601
187888
302674
121350
371694
175651
348463
314086
269693
372341
107216
403320
59589
376982
363681
271384
380172
86640
351394
230436
43773
304041
22108
351048
148834
123985
95819
233496
216046
237530
12103
121670
75269
364848
351817
224376
146624
71854
240266
306934
358482
309143
189493
48242
229494
23168
21883
108504
310420
108628
128410
281843
297391
37573
192956
364792
341173
164546
67731
92370
111767
127595
193158
314528
203564
351316
289693
112402
12369
225035
219896
116268
150866
40632
88849
177148
302161
33602
124155
325418
229148
256112
217045
175589
298283
82655
95188
43647
156449
279143
8484
256354
14391
257366
38425
140343
387922
100231
92362
120686
66482
390829
206681
284996
224487
155463
259109
83095
11362
135586
385961
334824
32092
218648
47439
190498
104622
210147
198687
192123
326763
69809
149781
88089
137379
174549
52845
203922
309481
11237
89605
205313
56503
239907
188838
31322
392478
149482
218332
101761
202257
135645
30820
367037
398481
21587
72937
379202
314823
18084
34771
218215
33281
348205
156727
198437
297862
31344
269302
73464
349994
284183
287576
81175
123465
23959
284424
204859
255897
201108
229823
334390
25204
65921
96169
218286
158907
25086
366900
244791
226424
251421
362591
125636
233350
220532
299112
371289
270233
2213
389893
321485
30288
295665
44575
266514
173228
227881
272807
355235
30132
233394
58475
327591
190265
280142
137213
259098
367841
365987
219245
94188
357778
156432
180261
174229
186113
45402
331295
134996
52848
83556
116380
54686
144172
218349
269879
256340
278577
186657
287555
305509
240755
160405
220644
77246
296721
213976
156600
164656
147719
174729
25859
236707
273470
60413
188685
49154
226417
46539
385060
124317
12560
12341
84424
195140
204620
335823
37
221616
127278
119383
199790
292882
188817
284046
113657
336846
330200
132521
100618
101314
240969
121558
329636
398826
240924
97948
47954
130694
126992
279884
44581
277520
242074
81139
205772
18235
223120
342286
239243
340622
312855
307419
103874
194726
148835
321763
392359
75220
256476
153542
58736
144246
150483
249032
295212
400669
147738
165770
252075
130460
207541
284406
261612
345515
330044
350402
273002
378668
309634
351183
64631
361984
167433
111252
355653
312169
341946
237756
22743
118872
36650
14504
169578
364720
112273
281504
179316
254521
189895
145280
301781
306309
199891
134980
290257
367531
44381
402130
49879
330115
147663
201657
310923
157086
131852
124260
380044
96595
19624
335491
384451
396572
121331
296675
77032
256072
280493
141665
172248
63675
134246
97279
15566
104632
310163
63423
363754
102322
239206
312167
84213
64201
207635
227895
171548
123411
385139
71349
54141
35968
176645
73771
149995
126923
46630
333762
114746
390560
152499
57576
273717
115838
210171
222553
315866
380861
74573
219305
153494
175855
59864
103854
61049
398878
133801
132049
49413
6087
120354
152659
319794
187968
321506
227534
128169
205814
381949
137128
146445
68139
132170
398129
377148
41097
120755
82451
117960
3161
144276
297687
300374
230482
339547
329162
227761
353592
135515
285857
374205
286784
389088
265741
225259
256353
105634
156289
374248
241988
8305
182409
179453
54724
102146
353051
263073
245987
17562
104692
165636
286709
95067
45152
354883
362999
139973
206180
324804
172411
192676
133842
310233
331923
392496
394294
132352
55673
192948
182528
10929
132764
3728
298697
336041
229406
47253
98224
326271
319824
45174
339878
204387
347707
276077
304170
269696
348634
347907
362182
328423
69491
376218
46274
673
385161
205082
59666
229433
159789
365348
208965
212257
170369
88605
169916
50702
14666
83589
6503
137036
128180
114070
10487
22492
176452
256352
290616
244208
58842
175177
103292
353528
373480
253809
250421
327031
160523
337797
357444
341760
202577
178228
161484
223492
379637
342785
2078
390110
211411
86330
2826
267109
45880
89900
110704
287915
168863
275649
269009
54508
310824
361563
162714
382589
311822
377843
43714
145076
208101
312503
134862
81229
329497
354742
50433
205278
113022
18268
62110
103712
10296
48449
220526
308020
12364
403012
297064
17459
245586
291333
315931
353163
173379
238456
294575
295207
242248
200298
242316
357711
189985
211579
42480
299527
63788
46765
334538
202878
165710
228087
155557
241908
50663
203639
223642
315194
308271
30733
150578
84866
358256
277201
389462
179139
260608
107068
269681
346282
400108
322287
294652
305500
340488
16429
390303
70979
88228
245386
182193
73355
153352
117648
168766
120589
288179
352764
124934
226013
58804
231888
143032
49719
112073
199843
403349
390445
368101
116120
303979
218661
101702
376321
328551
278295
366890
122163
376924
137497
349289
159861
343015
53279
359766
258147
118825
129358
82142
270947
272754
245755
46601
79579
133295
378194
42311
81819
60103
288670
231318
160240
161514
219395
53577
126299
310460
124602
384753
142991
128953
364514
187762
134348
157249
342549
402662
333359
11719
244151
236905
76517
336156
177674
25589
333998
19809
327356
85619
283476
358515
268516
120167
278347
34405
262605
340873
274961
212143
273148
93597
169548
357190
279686
210300
94085
254896
344409
192331
96827
207812
230192
60057
98545
213298
104411
19268
263999
308952
330611
270924
330219
246175
103268
42913
241845
68627
23379
70743
398774
176963
28777
343450
16377
58123
375306
340536
75579
230233
14456
295120
106302
197059
82657
215309
231710
184408
178846
209163
295091
141335
189059
242922
39107
355307
385999
331502
335424
100240
143734
106288
166592
208974
2574
300813
154415
228839
137576
383344
53124
152276
170746
151813
42893
326283
242515
256689
60106
336119
49044
12149
119398
271118
142057
108399
124440
73255
25403
196538
244988
61055
77256
143339
176174
232202
310982
401939
105186
149647
296000
81921
208076
216597
274635
348493
139408
231077
209661
5008
335135
55615
23826
283696
193546
360800
131921
323927
57510
111898
256854
295882
55410
138657
87811
299026
330820
179885
198274
168399
203375
251228
94189
396704
227222
178086
179254
104354
16462
80625
165569
92822
346928
1376
142220
305899
167310
36031
56445
79476
14996
177986
391755
137182
65130
150959
278655
244867
382360
272945
302340
362529
49581
1861
270390
281171
40324
387870
292102
366262
12156
53905
402524
51509
142325
174296
273209
227262
112900
279911
338225
313281
276554
117932
147086
374486
293643
152956
209433
200582
167581
387754
197208
156688
80755
144207
178323
238618
221332
80353
18350
33684
365451
169622
211795
375458
255917
202913
90035
395777
174446
236629
61438
232256
163911
322436
356720
52599
145327
290840
320004
367942
240754
252119
374928
131099
90713
19522
111929
325223
95146
261508
327745
250305
254166
144503
324665
62501
108470
349420
229710
142598
175661
109561
193480
138618
246232
311432
3299
115935
113776
345006
248288
300734
342443
42239
80066
380351
73495
341970
196834
320399
162265
312324
280328
401080
18187
120457
342439
112883
215482
398379
294336
113737
38521
199672
394601
165608
268368
322707
297616
359475
336787
227619
146600
336489
259237
372257
246395
190384
218551
251958
293337
259605
185063
159797
158975
380991
311911
148820
382124
18476
293755
122601
369049
14770
118589
75987
130345
223241
280422
50670
119521
286462
61896
148293
115648
96671
237725
121906
260897
223414
374644
206124
55290
282364
287945
229926
99573
235892
245238
95343
85716
92565
306479
121685
261977
92569
293566
187060
235479
191428
8874
97760
386103
292689
181634
175616
133418
177895
260168
296890
258505
122471
315600
301221
131590
102383
259364
273265
259429
399858
23052
106748
294761
213778
35397
173203
98097
372730
357316
128698
13815
385808
145230
22500
260173
141041
232544
97498
249181
38311
119334
394043
73829
120048
91271
71184
77077
1397
263005
365834
339292
225498
66212
118541
249546
170479
228160
281254
384334
17930
207666
292056
216544
216966
169797
169734
131465
201698
315621
202772
296868
277323
313962
64124
292274
318781
390883
58699
367415
124341
285574
71390
258203
58547
236996
123137
282019
197747
134104
331049
105483
112683
53660
32634
263192
266946
129631
267298
382060
171825
207250
164075
111007
220841
335854
210768
302022
179220
282377
238035
195764
334192
286787
341547
84537
270823
122503
129952
84035
44591
263623
194888
2023
256507
250586
118111
32240
164476
69173
216247
183545
184785
145056
56591
303538
281198
386421
86432
286052
97987
272142
245473
32671
284607
76262
75576
160888
80927
23069
273581
293478
159596
398111
227293
159124
386173
101902
372589
138340
300881
356166
250694
213739
364978
245197
303965
85222
26958
161289
292999
155124
178872
311386
57367
1706
306642
37556
249713
344329
20951
218769
242488
54314
353852
141268
194414
328868
59238
304892
44987
283169
165200
88831
179815
293208
207521
242487
235531
341341
19394
352346
206659
193285
338007
377129
305024
58857
222581
202828
77912
5819
52963
1269
281487
69408
321059
17870
153049
106792
260827
30939
216765
247964
145881
285602
329415
311131
177801
126965
339114
172
189359
291662
233488
76011
103187
322402
61101
36498
160665
112235
190599
127638
69703
255539
85353
3407
351008
317439
236279
243445
228476
344057
364695
214642
123409
119723
337967
229905
125462
226361
381404
294438
15627
32193
192270
191407
13423
20192
26411
284734
106667
289874
362968
332033
320945
387140
125807
163342
67249
207809
276961
196220
359829
218106
349981
202008
67404
213743
193681
166619
2749
283736
367867
24148
356916
86982
384494
276378
118979
244646
362701
48403
279856
236764
132360
120977
293474
186681
180947
23419
116648
386295
120022
381090
196262
46555
332223
272304
309615
114451
17518
128516
117005
27830
8003
110641
114022
391848
247257
337974
249539
58828
311950
135619
292887
197511
225851
212270
355734
144998
58587
295566
143786
138422
80080
16214
112290
50379
123459
386459
355356
34254
68201
188558
388651
301279
27621
400792
160433
272173
246549
351308
356200
276189
369497
107719
7401
361882
371465
236171
95636
192624
319282
38591
116163
311426
139443
4894
280792
251213
337719
195407
208533
328233
341299
254092
2801
270297
210798
232059
134176
74257
284658
363976
386210
133786
175602
185511
397493
127020
24077
401125
6221
170558
129740
259371
319699
427
55954
280967
163769
242633
374155
191978
15849
90431
94801
242982
215978
296550
5715
167327
209041
86502
320754
156883
308107
145720
69203
334946
261263
228017
191880
166880
301068
368265
53726
402404
7983
72517
187847
226288
384034
384817
252026
345543
352244
371559
360854
222529
144644
340667
261948
360165
60031
388375
97415
134605
77575
1207
278841
177056
253446
392798
320185
248376
44081
76981
230786
336120
141741
122348
154113
279377
12667
269716
323683
327098
136022
53086
207821
192517
319683
20467
383009
36564
350443
331344
182817
263719
101874
256030
202045
253425
396767
218786
232329
388890
170521
174264
211916
101826
188182
257111
107487
124282
38035
395480
85940
335224
126706
181285
29478
329821
17739
249228
163893
352000
356390
338857
169024
357473
122142
23957
15756
147677
340854
340546
309079
75552
367561
402888
307564
266474
381383
360913
120684
94374
7356
150235
358530
2599
115404
202138
252389
268391
290782
58554
245843
396380
150113
57016
164460
291778
11649
213754
310548
240061
387158
398525
60878
16028
78383
209207
73081
385949
10893
67315
53130
354145
147285
314769
388335
295887
158976
67637
28717
10459
215882
43710
224472
277587
340566
250990
203791
330703
148202
16230
160210
14578
142781
139680
46054
109576
81899
362813
106942
196449
90252
13493
211523
148496
199468
371354
191756
345981
338987
299168
286100
280975
362643
56852
161349
146158
305567
11983
57935
355845
265663
290609
202106
103549
42202
322985
97567
68651
281050
362629
18977
223806
146409
249
24120
390588
35587
295984
363073
4832
285945
329531
328345
75749
114058
339837
289587
108071
187004
134027
346038
172446
356225
178555
76018
288043
240599
183652
281501
207343
287628
361927
58195
97379
357968
195298
38943
220227
265879
26985
40157
20815
12550
341876
197328
227756
276861
68150
281718
164312
381866
373258
49726
207614
195975
390881
49209
311946
251426
391819
289125
188912
87915
103290
53595
274106
39580
29190
171719
194066
63839
197306
318920
121175
232766
96581
77330
61074
22191
348415
206898
317772
344151
349931
283032
50767
199527
310389
216355
193617
108401
40311
105972
241994
28747
176996
336482
198121
127243
73444
351525
167309
20109
245092
23627
16539
299386
266606
245864
216125
222631
101367
237932
98534
118501
164700
365119
297554
84843
337187
87810
247464
352231
80104
338648
325893
371152
295904
294929
108218
396886
223836
233621
353513
196826
6016
24994
69177
80673
255889
218531
252825
71669
236039
160537
58309
162930
189796
304805
184470
398229
165543
87123
351686
278169
271546
368817
14199
229701
58718
27451
66102
186841
216731
56832
113464
121017
212733
328197
292078
306672
176602
42341
97832
322686
103150
230261
118991
8620
276593
379785
317532
34520
156960
148885
368438
300044
350727
138939
24136
303575
304627
304107
175871
134405
288870
87528
208907
169645
126046
287398
386579
155283
270632
267506
279709
34147
197447
314326
242049
116279
399215
36692
126385
336820
45984
84106
200425
34963
261438
402342
253567
153999
21885
218604
73896
94460
266036
281666
364012
41812
397536
223246
107076
45848
370876
383051
354058
368135
24281
330175
165861
32887
334355
372215
51449
214379
82645
194149
225444
125781
27993
222718
60258
171940
346459
190603
7335
150130
39110
328496
127044
349893
47364
295878
101238
206669
174935
198292
68247
233447
225606
4787
217640
322509
279036
208083
327111
135037
358287
118232
354173
89689
303541
321418
178917
122006
130579
309700
206689
246566
161634
91659
14175
211011
44257
401976
242304
188294
82575
93111
331744
100019
119185
261471
379391
370847
924
301851
8294
14715
86733
379353
266324
202485
57543
240062
89858
291033
357469
296872
56392
152861
60886
364996
291024
370216
368109
205902
159522
138209
124915
9772
125439
334646
366917
7782
367650
173418
333301
285993
316566
151777
278617
1678
15343
388235
201264
40336
91243
374840
61587
65043
9241
13414
266209
294887
64526
14050
4178
285964
4031
205192
197958
153797
129736
371117
206765
117214
210426
24709
224486
321216
225769
375100
273665
327932
145630
351222
180294
139514
274561
164323
24988
184950
282194
294940
130917
35970
110447
60857
145712
374053
12089
294770
109648
88265
169147
207030
279135
241610
346085
256060
233422
268594
332538
314627
376022
395391
344821
84700
333864
355027
93129
151792
216126
88320
72019
255785
247198
26600
325859
163403
354428
43411
369507
361110
164262
248585
157743
222306
390722
227046
351111
205504
385475
292121
81003
272179
11294
135160
133549
296767
329331
112401
379999
63093
115438
396309
252666
2013
131435
219447
209312
304968
45497
166839
339214
305112
107989
320267
85863
368998
98453
211886
66580
304583
80823
144087
185328
155862
58181
379529
209275
26037
62378
49561
133552
318691
217537
118384
253951
264351
201513
277926
335663
382949
361572
12184
313645
261896
337004
100902
37752
140792
326219
293017
237959
319677
32679
18157
272692
403116
308686
70215
305249
43482
139563
319046
169127
263638
315496
332806
100643
56282
269686
267245
88501
301606
336770
301067
258475
238921
113476
85148
119758
100075
216253
118401
261266
218862
256790
161822
77394
352064
114168
337343
329954
100413
7895
50929
138683
62831
80607
260053
202033
184124
29427
166353
396432
152826
100851
108986
198961
372902
189653
50441
214587
118425
301784
156045
187344
207404
290323
250992
293989
45985
85020
253657
32410
287369
49926
302189
147044
270675
312299
37803
394628
222734
128312
212439
169913
205213
328622
281771
400828
332600
121927
169240
399299
263946
137774
298568
238098
369616
109805
267205
307290
25470
87425
189456
173710
61470
117788
150520
111407
164041
337318
323828
223945
79770
200462
18039
136904
287516
314158
227334
306270
192670
326062
212628
251961
92218
13906
174732
75651
268056
14605
388045
307717
233210
42599
116542
391111
231018
124366
241401
396058
389545
190400
15867
263926
263712
89793
112042
312585
325936
220754
124691
59470
59638
254845
100802
170411
310640
117748
278100
350782
345018
343628
363918
129408
43729
36933
110325
114114
199926
212636
402873
145555
385068
180358
358486
38541
212919
277469
395760
2364
401099
119891
83310
286275
403292
221939
398490
349438
382941
237595
305290
358329
294597
3826
166411
258384
130996
386554
157683
47308
403165
93832
350633
365743
175717
206727
354443
390527
274090
142435
311206
279905
81821
329533
233921
283843
158809
385809
46295
242467
402770
223199
362223
374421
401051
45001
357079
333651
393985
167592
338271
34817
100337
216370
63563
251037
98101
111067
201945
340733
209209
111094
28171
185066
57638
22407
37062
280853
174397
136018
340242
286822
323454
52860
351534
154902
195411
131151
396966
309637
394822
185285
29991
61923
177639
306938
48316
66236
398342
178734
359423
99438
355590
118506
265947
169745
149707
136411
190390
69411
375411
196399
5227
273912
109981
280885
17344
98019
224892
271639
316374
57281
183664
236474
337816
57716
25983
280147
320167
96436
377709
10121
260412
66521
137933
71580
38844
94504
317902
29360
255470
345299
72659
240838
228086
334394
242166
190212
281130
27840
18242
275107
202796
319822
282515
270006
201316
57804
77206
312027
297956
22391
356386
30627
192256
153969
323552
297587
61538
52574
365201
216410
170722
197645
292201
288587
118214
245463
110683
87018
353916
106068
293052
356363
211368
84252
291377
163024
400773
134782
170721
396898
105129
199026
31859
30032
361215
285908
363885
20901
292243
50714
346484
304005
216781
81930
139795
300894
170380
80141
7856
37949
389595
124607
387627
36713
259743
173455
163006
378050
154883
267516
315134
152396
269632
176392
382065
279186
295583
326973
266445
77867
339205
368700
60018
142874
232020
170917
29593
83252
176828
168682
161689
137626
174724
131043
89852
110645
101209
97237
147283
216246
327168
192754
314405
317350
220409
87853
65484
393162
225090
392823
144309
90993
263362
359858
178794
208674
37643
236814
166726
125914
1094
6414
197860
257712
271243
2957
303672
291443
370454
245433
50425
362131
163742
41457
72629
112053
120540
127231
244633
2939
256116
265812
130407
18616
174654
197981
176916
146838
197019
112861
263279
12629
217589
234874
167574
63305
39577
269554
104430
330361
176460
56427
247814
112540
104917
107786
20514
217707
59590
33343
80983
97131
393965
131907
15276
379139
312341
140513
263865
382832
341142
265098
58268
338747
343146
50481
25811
318529
375984
113435
199976
336844
126575
241822
233953
349013
181862
221571
191177
120340
220806
29486
337766
69386
4338
357849
384737
277820
138268
367564
322780
2836
20851
31426
20941
256803
345954
236769
192677
43809
147395
183232
14877
276713
218977
343640
139421
397211
368701
188649
145798
337275
367222
54703
274599
18347
349304
112081
242599
69498
370830
69549
179698
384459
156814
289777
160208
340577
122733
142014
63714
112972
386506
173568
182965
45223
166513
195862
390882
85610
128657
340698
276605
291279
136098
177099
297569
397235
250682
384982
136358
163158
353009
324590
163376
396301
127205
68217
384263
88001
129439
35641
370051
279997
340096
313790
281565
357920
143989
320901
247605
153254
176466
376594
262202
179336
337860
188591
13579
277628
381266
137307
136203
241279
299545
371976
149695
365998
367373
92949
